##http://www.makehuman.org/forum/viewtopic.php?f=8&t=1529
##dark to light
[45, 34, 30]
[60, 46, 40]
[75, 57, 50]
[90, 69, 60]
[105, 80, 70]
[120, 92, 80]
[135, 103, 90]
[150, 114, 100]
[165, 126, 110]
[180, 138, 120]
[195, 149, 130]
[210, 161, 140]
[225, 172, 150]
[240, 184, 160]
[255, 195, 170]
[255, 206, 180]
[255, 218, 190]
[255, 229, 200]
##http://www.erdemyilmaz.com.tr/wp-content/uploads/Pantone_SkinTones.htm
##seems like a bad list..
[255,223,196]
[240,213,190]
[238,206,179]
[225,184,153]
[229,194,152]
[255,220,178]
[229,184,143]
[229,160,115]
[231,158,109]
[219,144,101]
[206,150,124]
[198,120,86]
[186,108,73]
[165,114,87]
[240,200,201]
[221,168,160]
[185,124,109]
[168,117,108]
[173,100,82]
[92,56,54]
[203,132,66]
[189,114,60]
[112,65,57]
[163,134,106]
[135,4,0]
[113,1,1]
[67,0,0]
[91,0,1]
[48,46,46]
[0,0,0]

##http://www.photokaboom.com/photography/learn/Photoshop_Elements/color_correction/skin_tone/1_skin_tone_samples.htm

[255,223,196]
[255,220,178]
[253,228,200]
[240,213,190]
[240,200,201]
[238,206,179]
[234,189,157]
[231,158,109]
[229,194,152]
[229,184,143]
[229,160,115]
[227,194,124]
[225,184,153]
[224,177,132]
[223,166,117]
[222,171,127]
[221,168,160]
[219,144,101]
[208,146,110]
[206,150,124]
[203,132,66]
[198,120,86]
[189,114,60]
[189,151,120]
[186,108,73]
[185,124,109]
[173,100,82]
[168,117,108]
[165,114,87]
[165,57,0]
[163,134,106]
[148,10,0]
[135,4,0]
[123,0,0]
[113,1,1]
[112,60,57]
[100,25,0]
[92,56,54]
[90,0,1]
[67,0,0]
[56,0,0]
[48,46,46]

##http://www.pbase.com/johnsgallery/image/30515338.jpg
[255,220,177]
[229,194,152]
[228,185,142]
[226,185,143]
[227,161,115]
[217,145,100]
[204,132,67]
[199,122,88]
[165,57,0]
[134,4,0]
[113,2,0]
[68,0,0]
[255,224,196]
[238,207,180]
[222,171,127]
[224,177,132]
[223,166,117]
[190,114,60]
[100,25,0]
[91,0,0]
[253,228,200]
[239,214,189]
[234,189,157]
[227,194,124]
[223,185,151]
[208,146,110]
[189,151,120]
[187,109,74]
[148,10,0]
[225,173,164]
[165,136,105]
[123,0,0]
[114,0,4]
[56,0,0]
